x_n y_n
-10.796708923957112 -135.77758879819487
-543.8337911013275 -651.5694736023388
-489.0521524855773 -658.112629444996
-207.3401805544462 655.2644952412825
-245.36980461775192 174.34252025144997
993.1484603092986 -81.29250871057604
-183.60559933360582 645.3695160357199
543.787989679427 643.096221735987
521.0733760177686 -385.75949700572164
-379.9813026293359 -598.2112484903295
-306.91759087460537 -193.53508427287204
-296.4703650068752 895.7786647047378
-709.0662870076901 355.088860986672
945.3293694349006 217.95020823237383
818.3568759849802 344.726736103396
119.91420744425 -984.0347777879177
-372.81850700659083 -326.8801676547763
776.4000750477765 -285.4553315220836
349.14613164452794 -27.880025076376
-217.82510472287674 756.5648370681681
14.368247825953063 509.81738062239106
48.20700532822798 260.92988871467674
856.0018556331049 -247.032628086763
142.74613807785317 180.323189005514
336.6751375533602 474.65748769760853
-895.4826177869815 192.29290306391817
-345.8853918739708 -815.040735143898
-887.1967216570131 -195.45808372943372
-640.3446118724253 179.3729992634137
851.8663450020852 -769.1742339633574
876.0304458847838 -223.61148545355468
428.1854148681873 -880.4771005708217
465.37521781303326 167.91569514436446
-76.50464747113574 -666.54920527384
862.6585352118964 -303.8092361983
-187.15951331838494 -156.20176269683816
366.41154105469013 -501.0522607896757
299.8317361781244 539.9056041880995
197.53035732556418 102.62043110413242
-555.9212158406483 -947.4158889823278
364.71433827275746 541.9516313719148
756.1126052046923 -813.5649728093255
593.4345265621369 405.5924067877654
-135.99550440383814 159.07766418671963
835.7564383167796 198.4356148525726
563.6673554535118 714.539943455721
451.5005566985435 102.33929344333137
-750.2906130208145 -835.3119953441372
832.6168987058227 466.9915943867129
-224.57801253940772 67.71525410201184
-410.14090894594335 -315.82187788487226
233.46282944502855 -56.77777758547961
-64.30754203743106 -556.8558562332506
-489.3221713108733 -647.0490986325448
677.991777408356 -50.927943922283816
-642.7615952806432 -277.5255209320602
-545.7716586062178 648.8795461985319
319.75289206861294 -707.9997331773067
-41.76750991409415 639.1383255179728
-853.1053153245942 -632.2620596313313
-722.0798574607743 126.0265059759829
-775.3856327230975 -751.824019020738
-44.43006916324089 387.83756837963915
80.59245854084384 -924.0684296174064
916.1420982071297 -411.93331067691804
167.58462284692519 793.6350241880291
53.3281821698165 -432.35878207642054
844.5253776893096 -568.2788112556229
838.5140328954981 -942.9860819628177
-495.98227048361565 -929.2770361436868
365.2652214323077 746.90729128459
928.5522372034718 954.5991109982547
-546.0767059505104 -470.97119665606726
432.0343970705362 887.4613281715469
595.5202149835156 -919.7608472041825
873.5023992954216 -423.4566308540502
707.4449915708246 359.48100696325014
-156.9083865955414 238.32986209049182
-989.1202622783586 436.69950075451607
-930.269342437186 136.03542299703486
-972.1892686336 837.9208769156767
177.81986092489888 12.520358582061249
-234.0138074529723 761.6600755258626
-770.3621006669849 -67.00614569322806
728.9080177761236 -569.4530214288047
643.3140625998792 707.0845656342117
474.98336981641705 -685.9917003372527
680.6883402919291 -972.6526273216305
-196.94179306471767 424.1716475552223
497.2400025485085 -23.41326657207651
119.25889041885262 -494.54370667657497
226.47514794186213 239.53729627718644
-403.79669709273287 -357.14643785516125
204.75834696964716 -832.1160984053664
-148.64632078060322 911.8052780066298
77.08876966986577 -493.3545494155724
-26.540285698250614 799.4921040148056
-0.21672383020222696 907.7628923627408
834.918965110028 590.698415507296
-474.2459565348702 -657.3193621188318
-900.6046276916329 -899.5986127870434
-74.61594113331466 665.7598633234124
-183.56195464959728 -26.552442580131583
-25.913038664660917 -808.5169516540604
-858.9684432499944 761.2009990083698
164.21722233116998 60.03085957908456
974.0435967115507 911.1672497150826
-581.8230880047081 -541.8749464300028
-575.247763750411 -52.3658136924123
922.2700990141389 -677.873879657477
413.9081502424199 -540.0374336429188
185.9364263123348 858.0369945242171
-238.29518586480413 841.4284799098066
277.4809928034192 664.7569243708024
4.857138236496098 159.24691301304324
-820.4138506074917 -408.5134777537478
-405.65066614003695 157.76285430966277
656.2884683218281 953.2282564160591
-649.0880686194291 -419.7580211921314
808.9789144728202 136.44048530239616
176.62965823571562 857.61652655748
-966.9310864158442 935.3827254192438
-259.95564643802345 -725.736409070855
-915.7409941335964 482.7684388355549
-745.4388983073204 919.936725859063
-641.4635481258961 516.1627461038706
-667.0828296612885 78.24289773272653
767.3769932081036 504.2860017741675
811.9040952033508 149.4170812397756
-529.1980428724771 153.28542380754106
-185.4801511259301 -686.4126187286647
-57.67968520924853 -515.1972356206018
660.4680354622867 529.7349574716577
-415.98475586267057 -671.8116846054878
-652.3429364011133 737.834528018863
-83.71378307874329 760.2862193031806
804.8583261140641 -825.5631110946478
189.8738494681936 862.5114438774481
-174.77333335746698 -185.15361360267525
-188.6981258382865 436.68738871506594
-383.03166830577834 -452.09091099331533
-364.2425381931662 -48.68386932872011
-169.82796818064344 142.54419782836067
276.3341392469008 590.6222815730061
590.5390345747423 -14.886509646975924
-925.9331737442423 81.44335208613438
469.08219505254556 -873.8410578062683
545.1417255401404 -178.90432771363623
-511.1509460481778 779.5689736412955
970.1537188983357 836.992196164284
350.01168924563945 -238.60661287922392
785.529472281602 944.8727975359648
-513.8905989877605 -37.02673009528269
-896.608245425033 774.0556607812355
419.4861269861367 -735.4367574116292
914.5286249462142 -253.30250611532006
-954.3295647748065 607.820353395676
826.2850473065328 -992.7935129987453
456.5474246037659 -798.2528133951548
910.8106394759309 -273.8085608130036
-453.7291032682791 -777.9939213542503
-658.8129755883169 -466.77903607043265
-354.797964360612 512.1640429755921
-445.52307842406606 312.94121620283477
-18.795093948179783 447.8268905901555
-738.5685073331051 -619.1825464351848
476.36747301507353 -679.8207128895382
-719.3528530743642 287.8699181716604
141.30141560231095 256.29148624496224
66.67586642194578 -157.43885360590832
-532.9539286224967 -234.88964200306532
-46.21190990494961 178.36303714163387
-70.51565882081798 477.5817277725223
612.0621943650756 -679.9318416702367
-962.8297772910521 -698.9044509537073
425.63316924078003 -47.13022333725553
-498.0132756361999 -596.4168953086348
321.0531224177364 683.9877384906081
272.89191692728787 128.67381421683717
-886.0246701064516 144.61045540999612
437.81909782521075 -53.41155688491358
-320.1531353382878 -598.7013182249532
99.28573671524964 -287.0402454592702
488.6398578432211 -83.47939591427235
-642.9745228699983 252.27204939284297
-498.59179356384044 -817.6856976240292
-732.2405923204786 195.9134576445017
-698.4518402677384 -564.3443587044741
878.0606815551691 -987.4535844255113
942.905773347707 146.10010032575542
-714.8868224749262 -206.77554717417217
-608.2699758691522 336.4211852455767
-799.2043230469368 457.5374465556183
-836.3750600873739 -656.4020076798058
536.7513444823223 828.3523625367152
-579.2865108787397 -410.225699292345
-75.64710554942656 319.7451580145903
-831.9799277581142 -742.6814627258857
-336.9954326047315 -203.61608877452306
976.6516015864738 331.7846762699353
800.5440877954461 514.3471193333289
730.6572090623606 -517.4251065501268
-231.47301139112074 -796.4714994099122
401.1693814886221 250.00969444217503
-925.740589739525 -495.73822231406075
2.652438350916327 -667.4854217984638
-772.2138261932388 156.55115306208427
467.3796558070835 958.5737563421121
-126.35839454781728 -644.0557884268555
-346.0272226886407 765.5248439952916
503.0032152098122 -200.05481019424167
-473.7627058440761 -415.118409289871
-29.77133771548381 -292.9410797219891
-986.8787593576805 -599.6393876954234
-989.457700056064 416.56351483129197
135.31763227101442 -366.2271322856958
-294.0538191371054 181.60460385020633
-249.86676161116566 62.27174748846187
-269.8058794621801 -277.9410027815205
-381.94204398268926 -991.8329112137851
-658.2053742073062 459.1582016764348
958.249725576497 237.73701043001392
550.138538293362 -7.36869548244897
944.3107282252413 -433.5492216011892
50.925756300560806 91.63681267165293
-523.0913695499512 -48.62775200545923
-29.72285509483811 386.8038150772263
178.4857482333657 402.62859495229077
0.9651086765501304 -215.11233810652493
-140.6504478514787 -178.12924860278372
-498.3019234505741 -974.1235895577753
-885.1408395546929 785.803809451412
286.741718864665 -987.5857410376991
-497.00972830375156 -342.6244495988908
-616.9838508090272 42.112608571413375
21.39474947940687 -991.2813297654437
-238.54841797322626 -11.00597003671976
833.8345571484017 -75.19155283335647
-895.5499936288529 -375.8273303385986
-244.92057917693285 -229.346687933716
-4.5571541386013905 -370.4352315625872
158.68078626097645 739.0898133683565
615.0944650477315 -621.4047205672155
785.0060939904508 801.1705664811084
-55.706050755918 96.62645069100313
-802.6244837695983 -722.9124694986024
454.89042800626135 -962.1934682775081
-21.911238323277757 -226.40420752515843
404.90306320665854 761.5132407983253
-285.3003677699437 -485.8128665579013
-612.4736211940342 151.64187222023384
-324.96878383665705 -240.039941258976
93.02196312936803 -892.6670871766881
917.8310784667949 -215.80345732495368
831.9265868835976 853.9164337161869
413.3768680534163 -688.894368980754
731.4783610292106 -523.7580972215321
-543.6343860780872 646.4776630666063
603.3697333282314 -65.0071620632475
478.260220673046 837.8938712661634
-610.6443927533223 -331.2656250708865
-705.3087806841856 237.77272810697764
-265.43215055040025 -147.88328501087824
-299.1622752981659 -595.0635248637037
-778.3384026442994 559.0016896832472
-659.9415506773294 -695.8519283855267
315.8230558803814 803.1469591460009
893.0467184523002 227.0283073775238
-489.05888596066774 -663.5308910048072
-781.1814728858706 -166.07836781788035
570.1448392213081 -577.157764553168
-22.353330955072124 -893.3443119054905
224.04148540112237 -970.8396425577159
796.4962996036929 -849.4502851330881
-217.66358919112247 538.69543161959
-783.6516893441312 99.52911108969329
-366.6379577654377 512.9617834521443
-959.4983109114519 -390.52021503791104
186.44309614704093 683.1735567807916
169.0303978212794 -833.5112292951146
381.8991007420914 -557.1765054206221
340.445427871701 784.0874159345967
-529.5181586952606 136.82065128638237
171.34069354782173 301.79984099225885
-605.7612298817153 367.8543552447495
308.95396243012374 -16.072240066593622
297.00061340045136 -80.58868885043876
-598.070578528944 -312.7896817918661
-953.0536805420711 -885.4429268310942
558.7200838527378 279.6355494616794
-973.6500493894214 58.63296400393688
277.8464623100813 -511.4204592085947
510.1389585889722 454.29348290452754
284.76802777254807 -330.99850257578953
703.4430109279299 -83.58113431834033
263.519112412868 -576.9362377086273
-393.26316148243825 -406.3450707000287
-172.72452450313187 979.4551187107702
-664.0357223731941 706.337245618115
615.5731154140278 811.9023425619846
-128.1351293326136 479.6891212851756
-208.75188084007277 -365.42516397085615
133.54834228983236 818.6022181005794
553.3497778950104 297.25563395733957
888.6807225070988 686.3266295141575
-344.3428970523328 958.92596378951
-537.2227051384361 130.40287606731385
415.8271590342338 -670.5960987541393
706.0671272777763 -262.4063131610526
-952.0492155141507 -636.9806111283676
-503.05924858494143 -101.85318136133708
-213.87693988684407 53.30380530598313
-549.3935923253221 286.5751880821174
-90.32331829504494 278.7666340967032
665.0055142896645 -756.3173402240808
227.00034414156198 -760.629455662792
-796.3391464795144 89.06949461981321
-177.9971236003919 -447.5147845903995
813.585074166856 -624.9940852161577
-481.61436860829474 -193.36126328376872
-721.006145753252 663.0144819551936
-520.5153778490151 261.1010769003226
809.7005566815162 833.6043485694508
-327.75706714249293 577.9301722594898
-677.1062395215972 -834.7965024810178
-401.03679907861874 371.6763138072986
134.7823571112474 847.332178175759
-131.6595125073634 -897.1904174813603
225.86713170535063 745.2213263947765
91.6004261747828 724.5573302668761
407.43045064892044 548.787978836003
632.3764484759297 383.00749470346796
731.2279375725311 -317.0413798878933
-467.2668334018904 -913.6093047473497
707.6955857240371 826.1654503357702
-460.51364481386065 171.12633448697875
-462.556932177121 -225.07499825079685
828.1293650795794 -267.79652863686704
-70.29524070841967 52.882444063081266
210.98669724888123 -578.5200879727444
-351.88306131093987 239.9678711115207
708.7769376017986 -494.9999483848726
964.5985517210477 -539.1611547420623
584.8823655121801 619.3793052569615
-305.104659394887 852.988032484895
-610.45364944731 217.27967087080128
611.6075440007542 934.290065298356
-558.8075843637437 -221.51646650296937
465.58684097413243 71.55253330434039
582.717412813203 -240.71425533650824
-890.7564063356683 -12.261594580309747
-521.8986055624073 -79.50918488278978
-412.42782588064017 -381.6304647261635
-686.7019961502649 238.8553193286375
133.05299685984596 891.2273777285639
-282.3326264251707 -987.3777243264836
-356.7408497362477 -437.12204535419335
735.469799824743 -44.68537169884007
-387.5020427637925 9.747340850172463
11.32344832205456 927.581741332579
-869.6524000583516 567.630270383125
-898.8945505001038 855.2363548700887
187.0363411173921 -489.36074475947277
-573.3048627778805 -973.9748727905235
-336.7043776876011 282.6838172415046
-587.5119835413582 678.0007300267193
-379.629679695183 925.9848244874559
897.5911699133392 354.9303965216602
685.4445001249294 994.4377597199723
390.93702945018504 922.5440182428317
177.388184938952 -506.3680659605019
680.6953881871373 -987.9528373166954
35.710644555889985 109.48228687723326
738.3678852161688 -126.37019019689694
440.70773306199953 -457.2592843489332
-637.5737748007689 -926.6701372194436
472.59742452086175 618.1225242152882
302.9410248054544 -583.5603965008955
-108.76528349311116 -88.65869607419131
-301.10779087235255 -613.3714080928055
343.9006503846854 506.8817076024361
-493.68486365427987 -606.5155296381504
-304.81213760208675 943.324762045582
-220.81045230213908 -971.4420076840067
407.8375846784338 59.35111604944905
32.28912714109333 -776.7575115076093
850.9561540481122 -571.1047191637524
844.4136455565488 -501.8963903563427
-298.5679710321099 -906.7200012158239
172.23507864313706 -266.7452576024583
896.4551548517495 587.2850503799807
175.08112951818794 497.8190061648918
631.3694043698192 -639.2297492353842
-726.1667623664732 62.65153932304838
55.27124535238977 860.4476834875325
425.8150941639376 480.5861448709536
404.86690918078466 788.7182051472728
-624.167292173815 217.53282173872094
-867.0471622628087 -489.78931721613895
782.1583934837424 788.5138520846672
-474.43295720456206 -234.09353986701387
855.6398297885096 333.93579849358866
-327.3124977898311 463.7689600132892
-486.8871303859519 -302.1090813733889
-174.80546959725848 -391.56924186862875
537.9699911505083 -216.79905106526883
-729.3333359370631 536.0954524618946
168.2747626273947 618.871517733601
736.8522349684706 311.2334538164239
-493.86577615256175 -809.769009611849
-868.2043918090651 894.3517683831387
-119.27213231133283 215.85671181751331
-372.4676786255769 855.8127733501874
-147.47153142847537 -419.56226162772055
-510.55096559298187 -270.2195137919656
-808.9539621490334 917.4916754001174
-517.0703594777315 -461.86944111835885
-322.158846556513 -967.0652810194975
120.27314221100482 -376.3368062986127
491.6796225711073 643.0287364340629
907.5297654479145 643.6308000122899
511.5397792617059 -139.88244230767498
-132.56322597318456 513.2845362797052
-881.6635911597832 851.5602091839
849.4962146310409 -905.9428192451506
-188.38139136776385 922.1160768726058
-787.1800498305845 142.65430163130532
198.79310844911038 -954.8110454121698
-422.3041033559132 -272.91345785239014
-839.0886803264291 972.6707423580956
656.1298561326869 -483.64800291667405
112.29725799327593 453.62938281767697
-731.3780918215764 -959.4600975316165
-545.9433730536523 -270.21704455421286
356.15402662439624 -350.94359514151074
568.0206306789582 -795.1368716337174
-566.8155930935321 786.5102526278783
-221.59977060470726 226.51595258678026
264.60315819022185 -290.0733078487108
-874.1044626452459 -362.6467456426569
-128.14086912143807 -148.30171803605924
351.8751266641152 -602.1105193571883
429.67942953414126 -15.614915871276366
-685.002437450132 -518.9339456085909
-796.4132923798209 -647.3078605656333
366.72250116923874 -633.7171259797378
159.71725172815718 59.41174988293301
-917.0129748125355 107.9561218352278
-235.29846112898963 511.6884435148122
215.60833804297295 750.6371285869707
296.96427756823346 651.3560842236984
-935.2764628597803 114.03313846191872
-458.81955203021255 -454.5887836769507
-889.9922397496105 622.0326762265217
-92.43198184580922 -237.8932025580898
787.8640975820199 105.27157973653493
9.4900597381735 485.9637844782826
716.445641169172 215.61295141712935
-209.9772069115404 -673.4472007645725
262.0459948530706 767.7463806822593
-846.918714650906 -916.8560566471282
-331.5309694274673 -589.237658763795
-919.7203329101688 216.42751313835765
200.29099052084666 451.28459976762883
149.13281921845783 587.5119947513972
783.433058424589 -842.9262653493703
-35.35223195804883 -251.44825055204683
-821.5540159827208 -588.7710233884404
839.3912815142933 -958.4041300869072
-550.1896759635956 413.0966634316312
436.5657234404198 459.6123344582893
633.8388410395246 450.6770887132427
393.4876964090197 665.4520731711871
784.2651020039368 30.277543151693408
-553.6359173108001 -723.0640046791186
-570.6959786198408 -875.5922218012208
-390.1587136902999 180.82937387056904
-462.98926777447844 688.5772530561139
722.4427873092293 909.7800352133227
-222.48032814974897 158.04081288336033
-212.89016456568197 246.3507010078606
-264.2360368257665 -396.4554482038401
912.3951959931821 861.7691561590705
-856.4617393799583 110.48152138250634
-528.1994134970452 -67.17321142309493
-954.6323328214685 350.24705433805934
753.9161311707326 616.6766120467723
109.55391378588615 713.599172050845
-676.5866945463108 -135.02049174655474
-142.81548994983416 155.79487035203874
26.336389512200185 556.6175180177654
-140.18374498140224 373.28171734512034
-995.2510687791682 -503.55729977252975
940.6117013584856 -892.4748161635421
962.8808060548679 -702.9100066991432
-95.67961475926666 -696.1221436635536
188.33361809120265 -648.1862591337908
-943.856797027581 760.8207701977549
262.63395354012096 948.3707377354408
698.5287667917121 225.4013472327888
700.2486840185388 -876.3624616998576
912.9226122862594 -388.8417804801138
-505.1890108708099 613.5516145757681
802.1020662610683 -132.03732682593363
744.4810079733106 93.68645399831348
259.8704159882118 -562.6782072492247
-403.96030333145825 -278.0912222689209
-90.81005043957452 847.3966477023653
379.2864242028829 -908.7610447879417
889.6446997805276 -746.5075924745262
965.2703761632413 210.58564013498972
-519.4547188206807 -17.770282358591203
266.85783983897204 558.4657793907161
-354.711659215301 226.2034425847321
-312.6324437451626 677.3470223688369
-22.84534548818499 -38.04649600508549
569.8020687097851 448.53063345831947
-928.4155170206385 180.761061059354
-163.22002112414725 -347.5619728323529
-622.3783383882684 -961.682430575469
-288.75610854425827 293.17971845970237
797.4476911238169 -134.6623100492783
930.9061978674051 -883.5438946783119
-129.99284534398487 932.7886801308214
603.1142174309541 -321.38538133419297
536.2519889881494 890.3028497047574
-633.6949859529684 276.2393883198297
-954.4986850069411 -459.80347244516497
257.09603661575625 -843.3318247916827
-262.3305606853859 -674.7895367337799
-967.8834685982873 59.96611555269919
383.4798145334621 507.81176113969354
164.51215130793162 -770.9331428494797
-553.802821290887 879.2024931181957
600.1606103469499 -172.1265108568159
-767.3886698121122 391.3510207638333
-46.55483529200819 183.66187203326672
-173.82459921465806 -950.5914444676338
-322.320567523724 434.3990421275487
-137.10772754711445 406.6074116911916
994.3265698522994 741.7971261011112
805.5066268023124 -39.325238296979364
-486.96634397402727 -431.2034187279172
905.3353860754055 -436.7774452869646
-337.4078739682618 297.04807087998756
-934.5452999815005 441.87589252691555
-112.08855578207408 -114.68974377821792
-811.1297624662009 558.5455173656962
970.954350710095 147.70628220004778
-629.9422873006921 -151.87152923572376
-270.276548211777 -523.2268344678223
-42.46489736758588 323.3330031052733
60.15567547935666 -733.1336471209711
-599.6000862423357 -174.1451529033293
628.5904994288665 506.6816610652952
-421.6160528009125 -128.84612760458117
-285.98743272817035 19.00866676137798
717.4713366997364 274.6232517656176
-736.2911983675838 -630.7607112584017
-610.2134213803913 710.2630580478701
-685.9938223779548 -365.02251585946954
264.7759771810595 274.9235140793776
-784.7872562513319 -133.74775229375848
-220.99690451337347 -272.36942280981236
415.55180745431403 -255.85695892437002
747.7150113406506 522.4776483351275
-216.3871454428978 731.3932779124789
-256.8037487105057 -838.9017212701644
57.32079143117517 32.16065666354757
-927.5886968122909 32.61183343180187
784.1374445544591 -865.7857333585762
497.9407531962074 25.92755075072796
794.8495951899379 -939.1784790719646
793.3220108541816 -944.2055968450953
444.26916030305415 243.35261913980344
-591.216229833783 -972.3395504356389
355.1475547430707 204.11847184978865
879.9953723037354 -538.2375447757819
844.955196233997 776.7958713101675
-381.0100991788696 126.52852964955537
-595.8307099544961 368.3274425767095
-371.72362417371005 617.1617561303674
-497.5912868178112 163.78962809756786
157.15186987023594 775.893616993354
-996.3116837183184 -493.2731557731742
-582.961519180597 211.05410243263213
449.641737757441 481.5260630635205
420.4744116172594 343.0135232542241
109.5238743334055 763.8178931898337
417.0650547640114 -945.6910869216009
-62.819801828142545 827.2282487126995
966.4619844775834 843.6773401078226
-902.5559842071749 -704.1542752644937
228.57717649126266 170.5433967856277
350.18259284844385 -826.7949084188169
213.88058564991684 804.3348810598875
516.6384270342764 549.3460382462088
-764.9087254151145 579.8226308075573
-558.4514136654522 691.648396204384
-200.08272743416785 -740.2400129381497
-967.2007797762736 -375.4537726926759
-455.21371309851634 624.4562072069389
-388.1336573532144 -271.4726450522588
-235.91985101695286 425.95330756642034
640.1070844956787 842.0353319032372
860.8446919456132 910.2978459880646
-585.0511582608231 -837.4604953065366
459.68301383716425 538.711325902196
963.0155283676379 60.03191916669584
-4.8211609980266985 -336.6211193431925
-924.9012770858187 558.4726982774594
94.59875385055147 866.8002234338437
-936.8295648780454 211.0444528435935
874.6598775659543 -158.35953297092396
-286.7619467240046 -646.1136213677503
-989.1946838356265 298.29093254692884
619.2059636835356 -724.6257132070723
-653.7347041345691 394.18159597686054
312.6231459167484 -80.9741380235098
561.6873134156283 939.3765141082135
-572.6488997741999 569.1386284984269
-433.0409894583855 280.166888337317
810.7977485475456 -76.15873836303729
669.9573381434614 414.0644727945621
-400.72802115256127 -730.4918535839981
317.9053128249984 45.52642098269507
709.6165263048326 791.4250249891265
-867.3208034078723 117.97053725521914
-803.216377248712 -212.23984319536498
-489.1989268034016 148.86073192565323
481.96382505030783 508.98412245250756
598.6080780831517 -971.8603470609036
312.60297205432335 -232.16838363161105
-995.915537520539 274.4167662935936
-880.2512393639479 758.4161064555974
681.2731304614647 -649.6437133234032
98.0782311234666 922.3094798937136
-299.0939974732556 448.1544208534963
385.33379653130214 -134.6855741262607
366.30467755704785 -126.78956647900259
-319.7109425659537 865.6674774526384
302.91077359753444 -416.9936269877812
-5.57728701805388 -620.6529975716467
865.1027825559615 101.31801981510512
549.2288249878889 679.7881979507483
-845.3091655109222 -501.8235592310647
-961.1881730490448 -868.6729462428846
314.6659379866501 312.03762394612727
-34.08107417183919 49.22440051987928
83.44569627513101 585.1735684960179
964.9524634148308 -239.33945773288156
44.87744358570694 -695.498882124258
78.35701247165025 604.0530307177569
894.0563874151053 -565.5747778306388
-693.6236736570029 -589.8320887883694
-439.683001315204 -911.5452368640393
249.88636325019002 989.0444776737622
-392.05866442638967 355.88304534372173
671.465975767589 400.3042224017995
-414.5944271838881 169.2185960960992
706.1174955675815 -343.10380560629517
240.15821140455114 275.05682842376586
743.4410773635486 248.62242815386094
694.8475395535447 951.1236757901795
-774.9468333319631 -788.3186641961997
569.381192750215 -460.1088958643094
-960.4961667087578 -500.78769489141985
173.7207294848481 -170.7242490278627
464.90939032659094 347.2957029500187
464.76967773655656 -872.3587251843741
934.8509601861213 -257.26037156590337
177.87176415240583 778.3780548869972
51.34849248407204 -504.8255795619261
-196.68516139917665 -527.9941848442653
-9.25969584624454 247.40489082816975
806.6145619759272 -787.284140001693
-118.09442749018785 -930.8985828525209
16.62260290892266 430.14335813694356
-480.3011896149268 -326.7659390704314
-652.2453749450734 -968.9016586628778
-413.72610660608996 -968.9333335084813
741.532612224268 781.2893773386622
904.2040078548259 567.4929548097218
-433.8942031531518 779.7234477777902
-140.64021300636796 -63.20669715720646
759.0970298685679 89.48493331571171
30.60188115873916 -927.7601929389949
238.19146392829884 -42.654857954077556
142.5332228278321 161.1863286495584
447.43756893317277 533.6439529472354
329.9846579409466 905.7548051262027
-177.77359507725282 -370.8588815854854
536.3822172444575 -20.22689787855245
189.57143796092214 682.9554068612117
417.0947321917913 -271.0683231679611
976.6975531317337 -533.9273189525275
-990.4321412914757 -657.8980008221033
-340.56048169943494 887.8807206969777
-122.21035363983981 -936.1300357245723
-34.000653708596815 -857.705468045788
-782.7619014313643 44.41988072180425
-25.260049086556023 -640.6681668948281
570.6464453004064 -112.57484327154214
202.50602473469917 -285.9300559082359
-6.798034863751354 343.0885807056952
209.31029806937954 259.93797291863825
-355.02027696690334 -764.0446186971761
-47.28864156345435 614.8751589396009
-448.53647089675985 976.6521811609184
-781.2363410575693 -331.9384666356708
-326.2555273431476 96.94023116941798
656.3176548811891 904.2205412358987
-271.1196006547949 474.69358293029177
60.82854590349143 -664.9550832757425
926.315403630367 -834.6017753582045
27.920182772699036 600.1166646426016
-813.1680692775691 651.9277250061991
892.9658970676626 -171.94338733268967
28.31360469073502 384.64663529982886
-510.1292033678204 -197.78988644088975
-650.7903708250087 234.09217008166365
-957.3996011356074 -3.996469174305048
-544.9243363171363 -349.07515972313183
282.30236448384244 -596.1362573380911
-311.20250389015405 -462.59734455582407
977.4316839115138 675.8820622484516
-164.42304387961167 -208.72832147719816
617.568475747494 577.1621751157104
-941.74941065362 318.14727594351507
-188.65529553391093 795.9444541008627
503.56087125738327 301.48089699556976
-737.8289319965594 -503.8126707872148
-158.0312500494225 443.1311195572289
-368.65306889685655 993.6574196703998
-556.7808904072426 -488.3485052319141
766.1366987978618 558.0950871035886
-621.8225026382167 689.7426828367318
999.3196062111101 956.7688643395481
-935.2747144856721 -647.7651093828058
368.1119130669008 817.8150307613196
-765.3881280322847 -838.3095608941089
96.45648981541785 -599.8636066198051
163.83137976733337 -200.4725158859036
-508.6942858000576 940.0397111593838
-671.7956308113504 -509.5831150210708
241.7920874539052 429.3107276223975
835.4101408852985 -437.3140831372808
-338.4602476921592 983.7250720491929
-824.1017876347183 -344.7941760044788
458.3707978464565 -560.1355296670212
-636.3393023669173 -388.0926013736006
-251.915641614391 -377.90462818398976
702.2669129524559 360.7592014103552
533.5202125561507 -252.01909054606392
237.09674293678586 318.75672829060636
248.66852486617108 276.4382316691633
-834.155293975952 294.98472439603665
481.09777452619664 583.7689234859315
-58.6692742440091 -47.064277984847536
-346.01813271080334 -574.974069371075
-69.13606026113212 166.98059308565985
-929.3545995400947 524.1792571821761
-770.0183315470986 623.6202208473833
81.17510131039876 446.79302168312006
-260.59783657269907 -91.77668275488452
383.8818867673824 522.4000535907733
-517.486738714964 -502.99280875840344
-199.34699014671548 857.7241578215564
326.3950709897167 651.6104146904167
312.2795846786423 -707.2318456370248
-661.4699393688161 -478.7960204048376
907.8787143606357 -173.72476309707838
-481.32603274525445 -917.0309634149287
289.786108341867 -890.0891302766147
101.26502523963723 887.7639817700651
818.8871077148447 -393.36229980639587
723.3763329433216 951.80665267824
161.44660374879368 14.993906397868159
396.13218830622395 -183.23537164562208
-575.2345393254861 584.7491039376985
-633.7206277821856 382.9234336429947
847.6469860429258 -678.5660132884974
288.5606860179189 -312.94658841306625
727.7599764232114 916.39827575085
-149.17890157214003 -297.9264537921282
-148.90817370582693 -833.3119586316325
-986.3197374480237 -294.31095605384485
-11.342005008836622 -359.6044379405283
-318.62749382003335 -678.9254988975362
351.26045270685586 -799.1796586513367
-822.9802034732307 -858.1308063505633
-294.755980459227 -49.246715192265924
-458.59103099409765 -993.288328066042
-749.1157488099254 130.5710742746653
955.8579094379572 -739.4807679436724
-509.97248277702266 -554.7106269308646
-671.6742479119144 515.3332582600447
-558.2867242420916 200.67211793430033
-550.7615494271612 200.87870019846468
-795.6224252169437 560.4833293443137
-484.47511477329374 -739.7560370566554
-407.1216132776061 831.2519794881373
173.52482206644504 375.05113330161953
385.708539958393 -755.2996436965304
-884.085372812122 -330.13999293016377
527.1134240807744 75.8698017313568
-18.24532244176953 15.959363325427603
648.655999267213 -291.16298036313617
-186.75149004510843 180.07545142597496
-413.5780798644364 -411.8020089821939
-808.099479248719 287.3840678521567
194.90448947566892 737.3223389497127
-581.4405051902663 998.0712429198641
182.98949875711878 180.86707538459837
-422.3275839394794 -823.8219083442538
-667.9570246584099 453.5445751023042
793.0396779271364 -820.0526122592096
345.885064545123 124.98753518087346
515.1420498106859 763.8848645572743
-302.38036787793044 -7.125514675271575
3.8425795095054127 420.23892926723147
-48.83187360957652 319.67268235260394
623.8211220102469 -551.941622767473
36.65919969695142 -654.2625434420229
-714.3950744696947 91.99513809357882
-485.90459982610514 -757.5213005287038
-164.8992578960715 198.7449002127828
-691.7565966202806 -252.15042442683068
717.9979721104787 -325.1064674800517
-660.4947953204301 -446.45510286615604
109.85575059282041 937.3860992911596
717.233095967053 615.7822001920251
81.01578251672458 484.7740825544022
-714.1921130832447 514.5899368240273
516.7624336327926 544.887579436062
-578.7751864898476 766.9307523266559
-572.741351807141 892.2704727719931
-858.2356580600805 32.33123572289878
882.1507536289648 439.39507308197267
494.74366226190295 857.4490099005084
-621.5072967826452 95.28624169712111
906.1764948600401 -541.507046848948
-35.3853989353139 706.6427280099497
294.4206166514466 813.063853880431
879.559242018755 175.39383697970334
-880.5813633955053 361.7534710928612
591.98771089653 225.11017090532914
884.5121974968185 -339.82585935090356
-374.4427640047887 -19.6734633380471
972.6627427357528 229.80907162982567
-865.0931324416487 162.692699189854
-804.9126849557447 -674.8982960944609
-829.2774903914258 -781.2614396386599
730.4259731219397 762.0565447978265
-599.9897122435286 921.6677431109256
46.82760587243047 58.12387581585767
892.0581038893847 506.1610902600837
-785.0359077827742 905.3892287413537
679.0736723550299 606.9281771336264
429.0486343280263 -720.1749004686415
869.2219187910994 891.1469602025716
-776.5500139255286 -263.3194530794108
-383.1088283287843 -408.1466255901505
593.5354178876362 -789.4846179253827
188.33183703220288 896.7450914476622
-656.2433508710069 -932.6945611947546
323.2193156099445 -571.9551219268972
-956.8758404052422 -733.6166286114802
-704.7039611218238 437.5670244492633
538.5631186925982 -334.6077333575197
-180.35876893991883 -783.7826682216976
279.1082869870893 -986.4531635837193
652.6429266229491 540.817014003298
103.49981537952385 -85.65226948812915
891.2933732657714 -306.96189909801546
249.29225937204137 -41.18010021862892
727.1611560788556 -117.97590653981854
425.2678547495914 -698.170135064714
-274.83886689649137 979.4010958426302
937.3780675086523 14.207074326298084
-25.646603360806694 -886.237748329757
274.93180075366695 -370.3437645768241
-564.0246799820134 -544.7627323111277
-170.41894010136912 -281.6162449490846
323.4622187461807 513.27833023435
-451.3724273853102 -368.87886282996703
308.21026018171074 366.69253405267955
-447.45813297549853 321.3130326934097
187.56109382692352 311.6409920624012
376.2628496153941 23.130007937423898
149.40246569451665 254.91826956489035
443.8179670548582 -419.8893614503694
-929.4108209457584 673.8422432397472
-2.203829637661215 287.2076831896147
740.7457551613356 -878.8498518164857
189.47294948485796 -910.5333370165202
850.621909746789 -946.5398639985267
-740.6414684916703 -519.5313278830324
-784.2126019218917 333.6773601793716
-100.59727380679044 741.5611265145203
-794.5915370708685 -207.13952867386
229.07017442114693 892.4553508818719
-639.4360204461434 -939.1363874693297
969.8149387821009 489.6434013351193
315.79793716055065 -49.78450580424612
314.65106540761667 -621.639977650784
-58.17008793908167 -380.0577496603572
68.99816446375644 754.2475515241397
72.84295985255062 79.20342576361259
735.2804245245331 995.6766950545232
-16.28439598684065 -950.7775756534024
364.83501355046906 935.8620526734167
-762.9173510994735 -16.22745048862555
335.80088345666354 186.60988506847275
803.3229276036598 -850.0989327455227
857.8812144446722 368.54697567111816
746.9323556878658 117.87509906892183
813.0694725328024 -499.3766855119222
166.6994263902834 -417.83853694034883
642.0532759080597 607.6932438270164
524.5019887270541 -925.3061251697263
657.7732039180064 -78.27362384867502
351.7118847521572 553.1147038469978
-270.88845476423853 733.919958004544
215.16002714073124 617.8186853520574
-503.6783326141108 622.6192585696217
-927.5173691758931 388.0315075067126
-966.5105864022771 140.6401155599035
-428.30924966172597 651.0072024396409
-723.4402503954473 -882.7761675902645
-730.265754192265 -680.149622890289
-927.3701707176693 -425.69230513463503
-731.9161315982699 855.7802564019082
-429.3266523205464 933.280627346724
642.4157547492812 911.3261026576877
-839.5516480170031 -807.8959116921154
-920.0370345838455 -134.55484207248423
-406.0456652018469 -968.1216570508034
381.89387831669865 620.2100820630235
-136.39698091188484 -988.4076553391783
805.4272565557749 -29.243587037796033
-439.09286652723404 736.4787147027787
319.6854295876751 -237.69055376277356
3.6815816549280953 372.35746323073636
506.8317563323999 834.1844475865466
212.80731740567694 -747.6870002791591
149.6012618371101 -193.89685702804286
316.844985207028 -15.655370037322314
606.5944031619217 394.3996267768771
553.9550148204748 -59.96506172834165
-623.1871344961173 -794.8227082853543
-247.41077186560403 991.0125688443109
119.80038353322038 107.94947323703968
-976.949861367674 -623.0005791017132
-78.31036721494127 772.6485208190334
-382.4160907290701 348.4685938882078
845.7075936148544 298.99288273825323
-883.5614093933528 257.06065459745287
853.3972352774799 121.17509335764771
-904.9202312754354 -704.1848813281063
-861.7591239005413 -220.42098907156912
-987.684793831902 862.4967984072496
593.1767220418537 -969.8229565603815
-968.5280587219236 163.88571654208226
116.59857060781769 -253.2656955829815
-906.5372689183639 781.8320357831894
-969.6369270565333 998.3001798157502
-745.4127653298297 886.1564625579415
102.73107782446777 -324.60768305379565
885.6474354320662 621.8936943880444
668.9772267007095 603.5765900775916
-838.7291269120462 -399.00608913335736
420.2534127512263 98.46968806512268
-611.6878920979821 950.7644032207736
-266.50054305195295 -820.9494917605078
-601.4891764438237 -407.0155173239003
-403.6294354620733 223.72192484023094
-375.9424923161707 -946.6517609484422
-380.41643580248933 517.3217280733163
-731.541897823321 -132.53875674608207
-768.6421692589704 -646.0423791897223
827.8954307837676 701.4779357434456
390.70989245336773 -189.8768114077851
674.6319327019692 -4.198645180041353
641.0927451932719 49.77307622053672
-969.5393638439376 -264.77966176199527
217.67320757950552 427.176599116189
-607.1101495397302 -538.4340391052677
570.1400412068158 -696.355230538815
88.39837081007772 -435.2035040614959
-310.9564678926065 685.3035810517113
-489.453183553455 476.6061967208673
736.5803121533718 339.77925450141333
740.4477642864633 -37.66169540004921
719.9775251322944 743.2879017711466
812.4421715525643 -12.872896635727216
45.77410312279608 469.55232932876106
180.5608025822612 403.82414572669813
942.1300885882174 -16.234743685836747
-210.03028155708557 840.6419676688622
